
18599068133
13855922535
15800716953
13581225723
13855131798
15586677681
18699168825
15172844528
18271115815
13675653467
15814341041
13403042912
15172994136
13155515437
18695028818
15357480809
13865288125
13671708762
15212078213
15855550791
15971701314
18155025931
13764127880
15905590159
13681810518
13593614929
13214306333
13477262268
18955536277
18955536272
13512152338
18656505566
13348960685
13855078080
13597787705
18855011166
15826436694
17755223220
15255072075
15261117001
18672056588
15755593978
13579916516
13825319952
15000637780
15250110736
13305550905
13866922913
13391327363
18205585223
15955092566
15342853398
15587523616
13918479780
15972479559
15971834624
15023684156
13579217597
13866922109
15256943552
15549171215
18621279206
13403042016
13867141574
13999838361
13872731245
13477897268
13816615221
13999160700
13402746250
18616272776
13818244285
15971795121
15156804447
13956550526
18616877389
13955683780
13856508321
13546986785
15899252075
15156760096
18134658893
18655595847
15349988870
15349988872
13179808791
13120986568
13965979005
18327445690
15955070632
18017022118
13349296266
13637108922
18255213067
15172940917
13075001355
15549159738
13965132621
13955309771
18019001237
18010821736
15855505322
18671148696
15972444862
15027202573
15926139569
18014002268
15827409107
13764292257
18671570198
15715505053
13402747357
18916566610
13044843121
13989648695
13818189325
18326601106
13916766022
18628001855
13402791833
13916915905
18356251305
15171097174
15172834428
13866535701
13155070099
18707640305
18225823199
13817565130
18155025923
15272989686
13894822999
15109910523
18815517268
18057044492
15349988855
13636672884
15739527110
18110797580
18108250178
13310531998
13013106657
13999912611
13606245595
18872148215
15385331437
13956287902
15256699229
13365501852
18516204469
15739587148
18918692227
15026606371
13403043176
18155025917
13866271868
13579851970
15056276767
18271718911
15299113585
13565883009
15156553666
18871995152
13966560292
15272912528
13561104522
13564708355
15586426946
13388608090
18212467531
15570587866
13955571119
13789903269
18916178688
13477936126
15172954507
18505529368
18307187699
18726660877
13605555037
17754092103
13855914516
15997777116
18555550018
13266583256
13661981729
13403055527
13866988860
13789903270
13886771117
15999169928
15671537263
13955068849
18986847305
13515501239
15955599889
13671681615
13477917266
13235450292
15272258161
18807268338
13217189916
13517159616
15900841396
18297375071
13355593069
15222902228
17717383295
13971894640
13866334600
13477264411
13201316386
13986863849
13872746540
13501741553
18739471628
15971792621
15272905902
15855059521
13986857035
15755088481
13789903289
18955535547
13601856094
15921983790
18365270572
13965622699
15586681262
13402710483
13965522161
13227420383
15955811581
13817608305
15027216373
15972444873
13403022224
18573926695
13403009220
18099698236
13956328280
15055882930
18616715760
18372517985
15272376526
13972428734
13645553181
15172878093
13817027630
18717766776
15172833323
15067682890
15821457694
18098323816
18677746677
15885918808
13597792406
13515505368
13997777501
15707264588
15221208546
13369674229
18199169055
15272961379
13452144230
18117375739
13282996755
13971880033
15172826397
15071845476
18271726528
13956815367
18371829686
18154256172
15555569088
15099137627
13918034288
18917509405
13636280030
18798017463
15656952588
13621651430
13956795137
13872746507
13916479579
13980904323
18110890613
15771086821
18269999095
13485761740
13965993809
13463911618
13601631550
13403049840
13329836370
18423032804
18986865423
13329836371
15555568352
18055142436
13636691789
13856867441
15021580252
15803931027
15361101565
15926132895
18856015605
13705509404
15735185802
15250377712
14797717457
13451010038
18299163005
18727730126
18255066369
18355573017
15171032741
18180859752
15328701882
18049887055
13477959801
13403042043
18155063319
15992889321
13514906052
13355553529
13371725552
13262575141
13818371433
18755985899
13916242974
15318060656
15855095001
17756065833
13007417567
13565865708
13953116621
15172813294
15821026778
18955535596
15205656878
13788973213
13886780807
15055852153
13699379175
13095522133
13997758503
13264927929
13899858911
13177920892
13872736188
18727744672
15099663680
15071877510
13866064948
18871387564
15171033408
18110797610
13986010258
15272675196
13999991791
13403049872
13765692306
13986863793
13355556011
15172853933
13636281644
15920104759
15587649333
13925542410
18339952989
13965975232
13594996685
13956783481
13611767876
18930774110
13986863790
13825368584
18110797602
18621966021
13886771067
18256587595
13917289374
13402763338
18727711568
15276561159
15055528682
13971882425
15955073591
13735805420
13635745378
13625557308
13855502624
13865819893
13999406692
15921951257
15021372697
13402714798
13955020163
13872707307
13855957987
13739209291
13764985457
15172916489
18156512510
15327012539
13122392812
13721224781
15618399887
15172830850
15299839956
18727748934
18516087878
15272909544
13684050391
13986863778
15021660252
18239965240
18055461106
18513296409
15955849178
18256022278
13866671721
15278005349
15171053365
13705502108
13565851053
13817780515
15997749993
13639933537
13671642762
13997752391
15172836655
13918667078
13922332234
15802131098
15905507923
15377221609
13585717539
13956307372
15855053158
13916649335
13918996998
18599129092
13738465172
15972445143
18523119305
15586685690
13339944076
15055503181
15971705596
18208133358
13477203547
15572416673
15586627666
13972444953
13986847396
18671855007
18616317834
13855949810
15671878885
13477936998
13921596987
15570594588
18916532921
15027217800
13093266692
13865431642
13516410858
15199183168
18101892002
13635556331
13593635689
13818131325
13865829364
13697183821
13162187281
13167216575
13393589056
13818585913
18326374269
13635775533
13872736957
18807263500
13681804645
13795106603
13918495282
13477916218
13477936979
15172904048
15709919978
17390069319
13625503765
18755512010
18271727073
15209843201
18221278117
13083321762
15000110621
13830507428
15009918769
18305698515
15677335656
18727710338
13227469393
18727711508
18262633358
15272233506
18695026622
13403000233
15899252146
13846210329
13918775028
15171069860
13256214429
13916103562
18872137348
13403006176
18616506306
18372525880
15255501301
13999866063
15586628755
15577183216
18621037288
15109916277
18871821620
18297316921
13404354080
15826666450
18655822856
13451029158
13585591140
18671568501
13872701493
18712609683
15972464243
18755920592
15395667618
18690620142
13311621398
15899152182
13477915119
13966650830
18256586527
17733361371
13597762563
15099173234
18098393850
13913726168
18221120136
13965972618
18796122990
13918473933
13355555739
13477231308
13916741217
15099113561
15160997071
18607264139
13605502612
13956164717
13671546613
13855094567
15099605788
13999866042
15347007168
15335850299
15375553925
18871836525
13997783194
17701816752
15899208211
18717971150
13818486440
18655177883
15171083518
18616520073
13954320911
13805251187
13619909558
13295580282
13477222460
17701707944
13155533098
17855816015
15900793759
13955062289
18726610563
15955859410
13817220885
18972416339
18321965002
15856657825
13597760241
13584839186
13999161363
15335813305
13515583040
17717084483
15926104580
13403045231
15251154484
13476895317
18371818337
13659910237
13597813560
15977706221
15375558760
13565899175
15971723144
13597787698
13955991848
18172008899
18365033061
15997797489
18365001317
15171071822
17355529239
18210188473
18055500922
18928280521
13365782097
15172951236
15071870005
18271263932
18620296882
18372520809
13117137658
18099692336
13485764554
15061684272
13805555863
15666001843
13477249705
18917986592
18099609228
15955689985
13952865453
15909913256
15109916266
13856999402
15587614286
13093265188
13986852150
15555012364
13817783856
18697983659
13402720756
15335819837
18587665657
13403045212
17301624625
13257185666
15375551781
15150698854
15335859312
13955533475
13408093508
13542281650
17071834750
13703745518
15221664956
18049758998
13817845005
18001612803
13866931660
18355061330
18768503215
15857694650
13367188698
15171030403
13916801497
18516275532
13905594317
18919677288
18712092657
13637043231
18779865190
18671828826
18671863593
18225829700
15821988812
15555096378
13696674889
15215558523
13403054328
15355679388
18801896168
15900569942
15817443180
18715756059
15884105367
13965671413
13304021377
13901683275
13818239564
18872810783
13564806136
15587558690
13472814997
15549202334
15000208467
15027220990
18872810774
18372531010
13593634782
13619941283
18955531916
18372518950
13429109529
13637038652
15005656389
18955531909
13997753638
13999215435
18523504096
15549153961
15171967053
15999126396
13774238083
13855039086
15272903706
15921794588
15956539501
18371804611
13013108635
18655560421
18911512567
18807267323
18917508430
18872137519
13403099179
13227460176
18272300512
13127964938
18523981589
13597758516
15027215809
13615559360
13855550880
15894689057
13965992056
15027206238
18955531938
13501893336
13633716279
13855038729
15222901811
15172900493
13918203054
18955809860
18019509182
13696569721
13371896180
18551734146
13812669425
13618159755
15971756992
15172957542
18697606070
15971721175
15586640826
15905561031
13604955862
13665702673
13997791089
15955077379
13311892136
15571780927
15299115801
13597787649
13391391089
18907959901
15172831838
18071349691
13866539386
13597803839
15855076625
13671579780
15201920716
15805591261
13331933901
13517177772
13916151868
13701924297
15971692669
18199160069
15105656687
13262905231
18930604408
13601751993
13768218055
13865761796
17876856316
15926966681
18955987178
15199073188
18872796834
18356031512
15210081642
13611907198
13939341570
13611635094
13669992238
13695711630
18683341314
15628883275
13402738838
15955072778
18019801551
13647180429
13420198984
13517174968
15717262548
15021284851
13617182811
18690157260
13805587739
18918087027
13866781916
13917171833
13170001699
13857970031
15171960761
13918177981
15955091560
18755939971
13034028905
18443132075
15305588281
15549147378
13865252145
18755126983
18055540870
13855517069
13621615051
13955068760
13376820361
18372545673
18695003463
18116323773
13597786543
15771086710
18003181369
18968473989
13855543820
18721825412
13511607822
18701893321
15997758222
13966594734
15502755696
13917283805
18365270692
13881805766
18269795518
13999179624
15171087147
13477936800
18098819831
15215554233
15587567839
15256738778
13062823351
18268669396
18671898624
13597786553
15586652458
13661032595
18628243789
15900943800
15272228505
15255512963
15856784355
15099170328
13855023883
13855025240
13311885533
13329252898
18056873636
13918694078
15099093216
15155159835
13477200588
18955961128
15821655099
15178465630
15071845561
15027200398
13325601536
15172878866
18139669901
15385890660
15121706349
13779961141
18955997455
13955067690
13735601640
13310547299
13669058230
18255535681
13972422855
18963926533
15091436350
13521555940
13636272686
13651882837
15826661122
13855848405
13637049855
15972478009
13777917513
18129306313
18648957709
14790005773
13367180351
18671147821
15327890006
13277599971
13786306332
18155127393
18255012910
15921516928
13403042896
13319266995
13469745295
13403049923
18671594180
18055267067
15586439038
18314762559
13770435532
13579990617
15171943912
13579230508
18009912358
13339116322
15156802866
18017720767
13818291715
13201209592
18918599565
13402710321
18726647818
13277532151
18715225658
13983096624
13955895370
13597764956
18905597641
13865839089
18019839109
18559212669
13337494875
15971704362
13899826033
15955094673
13635508909
13965518548
15586647257
13113637072
13918585356
15307269887
15172956008
15299090696
18610316841
13899982059
13585780926
13641721283
15900458354
15955071257
13501664733
13031841648
13517147212
18601781786
15272228545
15971767956
15972418316
15172853943
13579264725
15027200361
13645592300
15607261691
18916205981
13965624529
17740865693
13671889721
13739224437
15056139991
13505592349
13965625208
18679025999
15055882886
15349988916
15587509245
13402789328
13872730288
18055468748
18680250600
15071883519
13899845008
18999273267
13669955080
13764633837
15800867126
18916111821
13135506316
18267984926
15805598286
15172991510
13156565597
13810858019
13818891089
15299090671
15255048456
15238727714
15588269757
13999143579
18655027062
15978131624
15026712752
13166356166
15972458538
13955986228
18055037444
13865870735
15901970797
18355569732
13581223521
15171937558
15305508157
18671883955
15855048612
15902121698
18686690526
13927838878
15099627072
13356500989
13581212929
18908765732
13899896912
15171962031
15971781596
15971781595
15155885056
15571861680
15826660460
15591828208
15972455569
13257261208
13277585208
15606840099
13956302784
13955998745
18756701312
18842634101
15755560845
15551362755
18226931944
15172825901
17865196073
18986844732
13955065834
13235452213
15720589105
13127599028
13621789467
18672057662
18407802094
18869992123
13916865591
18371823592
13635773453
15160883731
13587033910
15212196889
15205699775
13120858986
13651895565
15377238055
18217535118
13177131338
18675427976
13865425755
13227461976
13705552020
13593612099
17763027357
18820865721
13515509081
13515500459
18021466879
13399566121
15677008081
18872807059
13403049053
13325582680
18721140928
13636364886
18968447116
13696576135
13918700924
13899844489
15707250809
18679116200
13916944311
13558620662
15570546496
18272297323
13865222881
13816083505
13955591903
18155558899
18007262420
15997759338
13971894593
15171961783
13956278344
15056844625
13564811428
15955001060
15721207139
18671859239
18755072782
18905596828
13956303495
13653843151
13724201221
13042041290
18225737611
18872804158
18105501258
13488572546
15614888831
13262676676
18019260509
18156720661
15570595663
15971754440
15105502663
13905506251
15027185599
15587414509
13971613068
13966383999
13917820627
13564227782
13955912667
13817930561
18949230072
13865828996
13477247361
13761850432
15800538040
13477231229
15855375948
15971781565
13956232367
13518379240
13477269001
18119986601
15255073826
15570576198
13865281933
18626001153
13805599106
18963908969
13866927789
15172989168
18155379988
15342875806
15109915880
18963923136
13865829266
13564643202
13886758706
13501178630
18755533735
15821970671
15021099344
18742978228
15327006949
15347151589
13955955100
15172889898
15955556445
18221572902
13585537730
18755000918
13918788456
15208121001
18786318728
13501959644
15086392930
13855872545
13999960293
15857079477
18110797556
18955986006
18110797558
13093265033
13866912685
18055329532
18360700691
13277534855
13799875901
15172941612
13341677717
18110797553
13816232425
18017200972
15955092618
13467739646
13971890067
18155637587
15171054308
18955531968
15255078670
13524261505
18255052423
17755013830
13944926210
13564333031
18655551090
15171961723
15111143235
13564981553
13635753149
13886770681
13856786836
18986857840
15855010592
15821822515
13605587031
13907928067
13565339639
15629222997
13307262080
13242859601
13166188988
15172928192
15550052380
13645508166
18195869922
15129850079
13971871071
15272925643
13731823809
15985820556
13917692803
13866035118
13985707501
15671878008
13673888988
13617182852
18755909950
13701660400
18236768627
13776647168
18325535898
15549210582
13403016488
13986867225
15000081621
13402716885
17051079186
13945101082
13886758038
13515506337
18110797562
13564324608
13817749634
18321589055
15587675629
13997768537
18098309596
18727711618
13965975193
13635585316
15056513358
15727264103
13501953261
15555700986
18310150023
15955092620
18129498882
13568562350
13365706012
13365706010
13517166098
13597771571
18110797512
18726667820
13956539737
13122983008
13658339151
18110797511
13999227543
18621953130
18955999558
18682403740
18690230433
18818206096
15549193282
18110797518
13319846335
13761819128
15268402364
18356043668
15178525633
13477777187
13417046910
15171037714
18055086335
13818726428
13469736292
18672030300
13855089123
13788940676
15821223310
18712097886
13918194619
18299132503
18918585791
13524817718
18110797506
13635593084
15259201464
13966346111
15997731083
18855151768
13872749400
15335813409
18969522035
15272219509
18013792628
18727708206
18857914743
13696505703
15899151651
13402761153
18792139816
18981780990
13310544777
18110797538
13312157981
18520973931
13872721919
13866911159
15587626709
13402715703
15000960529
13867014541
18516096187
13816579999
15272957920
17731720520
15212332390
13997792158
13874466496
15000878235
18756541114
18372527873
13980829202
15272981109
13768896697
13635764477
13403025191
18110797525
18607267422
15071886945
15099135625
15062057012
13150222755
18110797527
13109930828
15172927734
13855524667
15921154860
13355555671
18055083803
18682493598
13532186055
15272952487
15692119070
13965572575
13457997204
13816343426
15755065735
13817390354
18602176672
13673366512
13817738538
13997758393
13155521823
13770866813
18602790159
18905509963
13635509087
13955575308
13123456789
15187701196
13155500879
13063368632
15922388287
13972400255
13569511082
13817660775
18971882524
18016429558
18918363221
13855039955
18997994300
15855055503
18712097698
15026958112
15056122218
13856444926
15001919397
18871806962
15609682822
18255534486
15088359619
13075099529
15549233052
18338072708
13403019511
15571807862
18097610358
13855083040
13816978397
15212012510
18771656816
13971430444
18986869255
15171972429
13755504271
15926139319
15848016266
15357718228
13597787995
15549101299
15899158962
18712406594
15755578632
18955073666
18016007896
18199107129
18562317443
18180986723
18771213306
13918872709
13775048816
18505521258
13661669297
18078119096
13817648892
13872746324
15921929262
13967035529
18371827611
15601702527
13965033121
18671813777
13585883633
18999846782
15255580516
18930702510
13501785472
18771237476
15971696699
18977093850
15083037481
13240422671
15027232471
13761558044
15801828019
17091429391
13310552618
15656586268
18818216326
13593635108
15955070057
18930352156
13646736622
15906260613
18271718756
13905567049
13369649225
13156511619
15276613529
18580903248
18524455916
13403041127
18226839786
15055847988
15027185916
15588826980
18055272826
13659928670
13816483828
18298242058
18321949838
13905796993
13645651896
13688016133
13965689306
13855516513
18712291155
18995923392
18874334003
13477892130
13966624838
18755166313
13855008337
18372549792
15969769028
13277556506
15255865505
15299168815
13881810667
13339057212
15668673521
13669960768
13515506981
13402795638
13777795696
15626583695
18671826009
13774226631
15099598212
13662942676
13383869188
18871827064
15155566136
15156087269
15955069972
15971756259
18167891120
13733057277
15055026999
15093316750
15212078001
13721127304
15178377552
18855808117
13956328442
13513918302
13855045382
15922377322
17718240392
15099568700
13564046933
15214716909
18762214678
13661588482
18299736698
18355950687
15807803530
15272950349
18671876161
13986869748
18119955923
15667140321
13805505120
17702157370
13593601681
13692516065
13637039299
18195954888
15955070005
13217288128
15071883870
15821199025
18955569025
13011181366
13517162113
13023269515
18133027669
13816582661
13586086901
18756589896
15021368102
15071882349
15099126851
13918091950
18055016278
18255045127
13166459940
13588683885
18049910756
16626594658
15071898819
15199029909
15172880245
18372503583
15171988338
18326806515
13339001887
13153381706
18275889337
15755860880
13579922275
13917859558
18167885558
18175380926
15277160189
13501911163
13817222895
13731966554
13956656208
15071855715
13971896004
15172813066
15178467505
13918554781
18120529026
13865550112
15212013645
15956500731
13265761852
18605023385
18055072979
13866523681
15997709701
13866529828
18721347190
13956556703
18999826870
13501529079
13816742773
18916027119
13625655751
15255077500
13593615326
13955891392
15216805357
18355041796
13601780328
18116178120
18211936782
15172957948
13661501078
15078423403
15997759299
15342853578
13972401281
15172999653
13477904992
18019716136
13697187623
13641728933
17321269972
18956598208
18971881433
13671589753
13548015055
13277556568
15171060493
15023799232
13795149600
15155027796
15171980872
13817375625
13956265482
18505263452
18918694607
15999137273
18896510130
18604053397
13855039905
13955530060
18671815158
15026979963
18516519293
15899261670
15377214498
13477923812
13264932980
13227496282
18371813914
13965516830
13669929985
13886789243
13855006156
13565858710
15172849583
18516769009
18721017169
15171980864
18326890190
13477227589
13909608906
15966709800
15251336763
18519249221
13651948971
13721230232
13866912006
18727745469
13085551571
13955060197
13801892896
15171068225
15000743196
13597777591
15272264304
18640841233
15956766260
15826660855
17756019126
13965522851
18371857240
13395593696
13403080353
15172988468
18628110011
13855077956
15955599669
15955075082
13519075789
13403039389
15955094762
18876753688
18726663660
15607265777
18055560830
13997774820
18690317861
18321936492
13629986908
13705597207
13295502350
13295502352
13403068085
18930338331
18550396608
15000031696
13899882052
13999973036
18695057036
15921442572
13789972311
18372500110
15586645060
18907262908
13517175604
13002188349
13403016850
13956262648
13345678236
18256590318
13883167054
15199132045
15199012885
15209848283
18367159555
13477936752
13501648531
18271719925
13998163382
15038185288
15605556950
13505552959
15212688547
18997987055
13264928983
18379944785
15707771471
13965019672
13402700750
15200528227
18996195101
15655258053
15335849582
18097668926
15178499863
15605552808
15335849586
13973375496
13605558597
18502100750
15347005799
13614318293
13044852146
13662137237
15199458321
15395116161
13399591162
18655038799
15971686945
15549179830
15249995016
18955649591
18872751910
13661810806
13319809652
13917193503
15707250979
13656214642
13643295918
18715154469
13053143102
13956303374
15629230398
18007262726
15587552058
18955935587
15255045421
13150329719
18545018722
15123498886
13477888365
18256581910
13574283313
18255916756
18255916757
18894730358
13671573728
13500519595
15027216548
15000501866
18952591010
13636295676
18502502906
18019802801
18371860392
13032790992
13966830372
18605551566
13477274909
13955091132
18871821451
13893383536
15571853559
15347129088
18355400062
15172884536
13349188718
15135207398
18155078352
18160202228
13257183739
15586679699
15618585499
18225828187
15368011505
13865817637
18727727370
15965109801
18129294376
18872132528
15255050727
15303832963
18693315288
13795355030
13008856788
18051066689
15276626372
13472203453
13865012930
15055051626
15221856155
18871812736
13609928861
13032782088
13855540678
15249994701
13917179735
18959203609
18501696450
13477958263
18130885956
13709918967
18955386760
13061974915
13917187365
18055587991
18056872999
15155226246
13971878723
13310133775
15389913081
18267689691
18964651748
13818338973
15299110258
13524243378
15707250004
18255810618
18355651912
18726488267
18055518688
13524042367
13277566004
18130885968
13407156237
13866903421
15289747540
13971878718
13816670224
13907028090
18866838671
15955903522
13880028547
15109912988
18655073905
18609011177
18099661955
18655058175
13329155678
13325645758
15276859563
15050653153
13482233239
15256694325
15577281196
13856387815
15072361176
15335853193
15171034735
15971799196
18607268035
15571535322
13516418722
18130885972
15257982850
18019312537
17756563102
18043689065
13515556926
18290635382
13403041200
18656554377
15576973929
13585930598
15335848455
15172902618
13615550620
15099092583
18715559826
15972455820
13597755218
15172896036
18667019069
13624038422
15692152963
18555100552
15892334508
13972425250
13477948333
13639900360
13855981214
13955569858
13579851332
13012829228
15105582919
18955078853
18315568780
13003164842
13986844009
18355306332
13597802784
13155543851
15160918081
13986856566
15272229396
13870204290
15172889379
13886781719
18677154115
13842829491
15307266960
13902482484
18671816792
13477267162
18955511489
18955078864
13579952196
13083303807
13965092804
18955057962
15826680898
15587518788
13667032630
13878194865
13505506453
13022121998
18652695612
18155078360
15957702869
13669057656
15172917799
13469722585
13965696725
15216895689
13514400030
15172855556
18105637783
17862927550
15000879796
15347005722
15255000703
13956308131
17317219395
13872733625
15172838119
13469721055
13701982314
13597791860
13972406976
15099110021
18256274542
13093312125
13177108870
13451017390
13761011761
15587600044
15385158878
18341270823
15309914322
18986859529
15899165180
15171942746
18047480367
13205501515
18056879001
13636278330
13661490217
17705505991
15855629783
13866299050
13557491890
13789906875
13818069703
13669981520
18017640642
15395505218
13524026730
18602166263
13227471516
15077192092
13808043495
15171029127
13665651831
13085198292
18776001949
18665598716
15622137922
13798896314
18371808568
15272990567
18916218658
18655930136
18129408331
18327439577
15255073096
18671894173
13241506632
13615585215
15027214345
15214371582
18955987019
18727696389
13227408708
15809912532
18616928410
13403048573
15955534864
13855911845
15821410035
13817503636
18715559853
15981765006
15900912385
13635762068
18056599396
15971818779
13865284587
15172941169
15956098525
15692787951
13865599698
15821423064
15357711122
15221196799
15954900839
13262821698
15000950507
18859013751
13816090870
15272262408
15838056260
15997748268
13917049237
15900583972
13855059222
15199181852
15216624561
18672250199
13636297039
18930193355
15104656271
18621380139
13033123312
18972416595
13812314065
13855065511
13917209962
18999152493
13156586330
13477215923
18355256461
17755267611
15155892204
18919381710
18005702487
18040655919
18217725498
18964519316
13135854885
15571790688
18455857343
18964519317
13515506195
18972407158
18706496187
15549157091
15570546633
13696769599
15205504236
15171990555
13671693571
13866268450
18255247085
13162753680
13385235696
17701854937
18605592789
13986864126
15900987040
13635754062
13917904188
13965613066
13099920991
13855039277
15871344750
13485670170
15955598451
13916467409
18671867100
15999100903
18930239039
13482061997
15549155088
13971877769
13621618675
15801723826
13917142242
18325572852
13597777659
17371834443
13227454087
18616781379
18327444289
18655537210
13801724957
13451112037
15172969111
13403043278
18727671526
15021910249
15160952511
13855910341
15199175112
18899482662
15335851769
13597778100
15905506908
18900582030
18055095975
13955069695
18205580650
15171032668
13470950550
13853552638
15267077797
15083796908
15555015538
17301651346
15900493334
13997771369
13365530180
18739952181
15005599286
15571867298
18930332966
15347023993
13795498269
15955978580
13469743505
13636382852
13565939595
18325970814
15971756376
15221652579
13917861035
13162168623
13470700813
15212079656
15299115210
13817192082
13032785987
15955110706
13477919315
15335832368
15077904980
15335832361
13095590229
13403025793
13501855150
13955064031
13635767081
13451031329
18917113231
13597790904
13731980370
15986047660
15855074615
15997789499
15971756385
15805658169
13645599389
13482895268
13564653033
13545454964
15171025109
13403084622
13205592666
13955302844
15570505266
18971876525
18756546910
18895650816
18872810530
18712041217
13965951224
13637014823
15855836761
13618507165
13403008461
15957760549
15587510111
15347002862
15209916318
18621831201
18609616198
13955060212
15841362267
13451013776
18771203939
13997790686
15250969592
13213960696
13916951870
13671515979
13156711323
13866529972
18814494308
15549153726
13999163207
18255991913
15821380785
13637043031
13696753725
18297768920
18284568026
15038054203
13681689914
18655013069
13120623988
15900915670
18325806618
13477956289
15855156259
15821737335
13918381356
15805590618
13764312178
15172833009
15921932265
13661347690
18368233263
18120529990
13297100134
13273826050
18727710868
15391999123
18110887881
13613367003
13505630432
13872728256
18916177286
13636462056
18337173829
15171989763
13566048602
15999110960
15805271333
15936737220
15955073169
13866529152
15249993989
15071845359
13277581816
15587411352
18019827597
13918445510
13905563402
18611062271
13917432629
15955501655
18226926333
13654089435
15955091783
13966441989
13477272655
18235123518
13917412192
13517159539
18365261107
18109606952
13965649931
15021395979
15172897334
13382895807
15172962833
13916780639
15523539841
15549194088
18999152405
18769012030
15000845373
13037283914
13997780485
13997751631
13916995840
13882628392
15021164524
13855329202
15571790288
18070116636
18266965058
13119917070
15921061838
18119944919
18705581940
18355069226
13636322908
13317617222
18771204365
18072875630
15502169767
13789909553
18756588789
15955000254
13955091177
18297620065
17183130768
18226388537
18533673329
13403041056
15556614500
18895556152
15027236764
18918930136
18120529188
13761500457
13546835847
15921081662
15688823788
15299090413
18855159473
13098479899
13470700898
13955090601
13095514925
15905501668
15655144436
13593619864
13297105659
18628009079
13818826048
13603477226
18221162897
13865229695
15587602967
13997790610
13030639578
15562216888
15105551014
13997791298
13917676793
13579909397
13485606450
15356335621
18371814659
13685166467
13339001732
15899243726
13968840961
15997758449
13457757245
18171063753
15044695237
13277554218
13955534105
18055160608
15921161358
13865828684
18355572829
13798896954
18321635260
15338070394
13956636761
18343507595
13695506530
15172963485
18999156889
18601753718
15026778605
18406593998
13989626205
13083197606
18155093315
13866939327
15160969823
18671571108
18255190268
13125097850
13756286594
13866939424
18314767159
13818731522
15549154358
13865231981
15335809199
13197410645
13482274388
13505506136
15071867982
18609651801
18371845473
18792259803
13955087967
13966943263
18918661613
13580839008
18907262805
13855561787
15092699897
18621788348
13997772459
18760337058
13177122377
13965136430
15021951776
13053218861
13264921089
13308093534
13564296866
15023692569
17875620089
15775659131
15755055538
13477287760
13956235016
18917951966
18355047653
13986858873
15172955669
13403051352
13403042578
13053218833
15826707315
18099231478
18817369956
18271713370
18155579258
13997792821
13471038525
18909918484
13986865519
15997766009
18195896955
13965145141
18850511834
15342886168
15571865050
15972469594
13865834934
15071843480
13636272878
18871839481
13530998732
15909912868
18606084442
15802181699
15955094043
15771086531
13764086912
18727702625
13310557872
13999513358
13997778218
18120529213
15199097770
15307263841
13222322226
18049711268
13855502093
13865025988
15171949333
15157802589
13917117712
18918201516
13579236042
13865555083
15056687809
18907249026
18609911181
15272252880
13218866399
15549175832
13297100173
13856888248
15056501650
13471163499
15026029132
18639050001
15571866918
15587629740
13855067004
13477959955
13855560163
13965539744
17605526425
15905581585
15572432660
13403042585
18977463816
15335823461
18819309145
14790099858
18616159605
13795352569
13135831208
13697186435
15053122069
15156660062
13685545453
13639932663
13155215819
18076361805
18017728008
17717538053
13593603160
18934721212
18872790155
13201338632
13999193521
13040642953
15655592769
13085197426
15734137464
18371840741
15997796265
13955582975
15155889288
13696576374
13675558967
15272910918
13718437317
18955075111
18210089553
18257570353
18119861676
18956567167
15926146801
15611398182
15971797951
18601777716
13999909530
13403051315
15556550557
15171936218
13899961804
18755585346
18620173767
15655563639
13810978151
13477246088
13999850152
13369648597
13053217720
18255110926
18055270785
18986858372
18067956664
18055542860
13585569675
13235462800
13913143427
15357286928
18038789638
15971781719
18655666448
18610273089
18602177988
13865226903
15972436106
13257251512
18955491805
13277506269
18226102135
15955595159
15821286166
13481101384
18005581358
15299093656
18255818939
15342828145
15655575896
18304640217
15981758269
13955808856
15572423709
15996208557
15571820050
18076361836
17756704990
13817729202
13402770223
15572414698
18256564601
13515625207
13886144088
13817892327
13613724730
13855531022
15212906099
15077138877
15377245312
13597791009
15299138055
13403050182
15618768361
18871995208
18917113288
13565832713
15956578953
13421823307
15272227996
13053217719
13585826227
13235469868
13227492712
18255165485
13482665298
18955596871
13899802397
13971872285
18255818081
15255046885
17321306813
13564332420
18026390029
18327444291
15109912029
18655365139
18917792175
13956293786
18365031916
13295291166
13872717697
15335802654
15272215530
18256591514
13403023478
18257768498
13855047690
13916094998
18371820439
18972406133
15299198668
18972406132
18226650512
15921009967
13477230982
18012178977
15555828866
13865270229
15299167007
15109912019
13886781891
18895574335
15171945111
15272260065
13818379245
13983395443
18299127259
13965636868
13391185286
13517146342
13593626498
15571811465
17355571405
13669908572
13565168905
15549260066
18671863860
15972465242
15272910998
15605685055
15549170985
15299094009
13565956878
18905650077
13965600385
13162057172
18628084750
18807266558
13661596363
15347033682
13403025704
18918068444
15549227841
15327041731
15155039924
13955087137
18340836208
18155861087
15327822719
13865270209
13855525911
15893296804
13565832752
13855910397
18325594855
18855565178
18055211991
15555821881
15629179910
15952004304
13485540107
18712097566
13955545598
17756552905
13564822382
18727403024
18098301023
13855134350
15171951797
15971799086
15549127879
15349931292
13986853100
15972428326
13999902798
18721587715
18825010887
13865272103
15255325995
13593600956
13141837614
18356723370
13669937810
13403015590
13761790334
13636297732
15855053581
15855037050
18325811192
15255986708
18058801964
18603826671
15155058842
15342828237
13801972788
18930222900
13485691947
13855023310
18715521898
15805859755
13469749306
13696738578
13866925833
18156823691
13916451935
13761488493
13855541236
18715272756
13564333984
18855958166
13971894375
13651925583
18855933231
18717853271
15754352266
13403018030
15327013118
13647186081
13307269325
18755526231
13965516619
13956315425
13696763903
18755887848
13402703589
13965697129
15172995600
15826684120
13305557668
15272992288
13036164936
13515500079
13517180305
13816007049
13855013142
18726636659
18155093225
15656726693
15160948051
15221194908
18872810946
15955071743
13342765388
13581221572
18086518476
15678834811
13872728719
13701765819
15171996688
13917735939
13477903039
13402757770
13722895851
13955580901
15612006371
18258819954
15199182016
18121259826
13565845885
15855433377
13865217208
15905595569
15055985228
15109915597
13611637820
15570557963
13560182103
13122993336
13983362227
13734401609
18918826512
13721231936
13973303632
15172920913
13026083896
13307268813
13865603285
13399604808
15155019733
15205504740
18071929807
15066329286
13477248795
13564950957
13062768794
13855069698
15299104711
15171084962
15555050553
18854131578
17708169685
15056293551
13647180175
15971781862
15134299333
18726666418
15507104471
13917378542
18239495179
13402146810
13940912425
13120754255
18175224191
13865291112
15668603846
18930208997
13085199298
13501756883
18027488159
15299115300
13997776966
13955068375
15216719500
13618375085
15385072240
13403003203
13956622856
15160882815
13916672310
15570555021
13764187277
13855001958
13965649018
13818563101
15997757620
18305588959
18290833603
18257891366
13855023330
15171951741
18209026036
15855452012
15099370027
13564680580
13517180369
13956303003
13277528238
17750591680
13972437789
15971751658
18017367505
13403048759
15607261945
13818248966
17749773004
13477940012
13866620675
18577073685
13699968548
15272252611
18655910262
18255184476
18505529608
15171057383
18274866947
18372535769
13764391245
15587648284
18516529765
18671510788
13855900356
15997721160
13871133416
17799150326
13365550672
15205555987
13997772714
15005508911
15171021569
15307262688
15692109863
15216822007
13507336538
13647188261
13619945835
13872702680
13997786462
13403018080
13687142261
13681606858
13403021182
13018859856
18098320616
15570542299
18871809123
18372542860
13665555500
18091505840
18721714900
15549109286
15027198866
18292065652
18916266771
18226590367
15971756495
13997780834
13369630735
15026537767
13986115644
18756357022
18727737555
13579307739
13764817128
13659965525
15571801710
13671930625
15000185447
18602824100
13705508773
15587468298
18119820575
13816087633
13403049409
13505596296
15272258532
13109936006
15955468508
15155066380
13669921080
18098320620
18730314301
13391180428
18008745909
15655821290
17302172960
13402763661
13485762918
13567375308
15276609672
15272930752
18668908607
18792134076
13085505342
15172869287
13788913558
15171050137
13156589066
18995929388
15956098696
15856362136
13781300152
18726667525
15385906925
18371803866
18098320631
15855003206
13135966930
13909312102
15586615681
13880711072
17898862165
13916805503
18862495783
13905505591
18501684963
15395330069
13564634407
15971694358
18878490593
15971819924
15997758735
3207853374
18655257941
13916024653
15971735397
13855982583
15212078607
13999230226
15367913966
15901646697
15847029616
13585943379
15099379363
15199180209
13901636688
18005501639
15056872874
18156968038
18872810912
13512160886
15955075689
15605501788
13731998967
15172999116
15255952818
15271452512
13565933005
13403080599
13477236606
13607241686
13610183703
18856484775
18916215576
13477249835
18371803889
18771204698
15629154720
18098320655
15971798256
18872132310
18010872887
13403040800
13865222382
18056896861
17070433362
18721140468
15026019254
13918010928
15964016748
15587576805
13886754793
15171936771
13818287253
13611802527
15801892653
15272415404
13865941294
13083330460
15327013168
13217189498
13866927120
13774899766
13761669289
13477226902
18372529841
18314763663
15057769918
13243142288
18130696655
18871995525
13916751110
15801962108
17768959090
15826660168
18669667808
13852142221
13477908411
15607265528
18019763051
18501767365
15205502008
15951806689
15174360815
13636396206
18225823548
18616021051
15026581761
18160223511
18616823503
13997790944
15105507889
18019817715
18999809685
13564358210
18741073293
13477209644
15921261233
15155061510
18952995954
15385899550
15997759079
15999107831
17755506974
18721978067
15327895032
13597772951
18505529680
13865205677
17717654931
15899200350
15587533548
13597792798
13615589053
13805384687
15955014428
18956213057
13865240289
13824981942
13872749081
13402756646
13403041981
15821311626
13227410399
15109912130
18155025533
18876742582
13485878588
18726030560
18955532518
13991850506
15570536685
15971806606
13565906978
13866937546
18768119411
15095994813
13738387918
15272910068
15272911420
18672255715
18655161552
13886756151
15272941357
15901784523
13805551626
17301627092
18714809611
18858075469
18167887273
18930537641
18359615710
18918099888
13730605936
18019805298
15199699235
13764470996
13162809923
13865229370
13955091715
18755658308
13955091716
15502765568
17718123961
15172911718
13955990872
13335649298
13916517250
18096486997
18771026592
13956671472
13866003776
13675650233
15172839035
13519035462
13564536181
13403048783
15821792439
13403036441
18216307915
13705553226
13986852096
13088066732
15942574366
18160226195
15067815829
13899852171
13597792726
18726549748
15255071031
15618739291
18727709291
15272237021
13585711208
13472682119
13696574285
18671832811
13986214717
15209874218
15169932589
15855096141
15156350215
15261726766
13764912457
15671517929
15997789226
15256914528
15955091085
15213053077
18872150798
13999217993
18269990563
18371819835
13335557620
13615591283
15629234095
15855092009
13558793090
15571809369
13972859870
18955935741
13122390163
13855913800
15625539663
15172882559
13331968659
13965688399
13866517275
15168231604
15156114022
14790136375
13955550579
15855003797
15056122830
13482033350
18874733812
18975059428
13872704028
18372529836
13997775847
13866922536
17321263270
13881778224
13386181260
15301829691
15027200919
13579802896
18120392218
15172967766
18056499726
15255887228
14790080045
18399660122
13999262830
13865249892
15972455229
15027185255
13696730608
15827447525
13597758891
13653095150
15099199618
15907435769
18986552857
13697184695
15971759186
18955911996
18155018269
18955955123
13477256892
13593603295
13597780496
15570523809
15899157933
13999233040
13955579909
13810806555
18577882440
18930790939
18621749503
18955519564
17186780743
15171682756
18054639306
18155078597
15276675562
18999929977
18762986175
18999072929
13501845229
13061787859
13579863189
13403042492
15357711766
13252474628
18974575980
15005866084
15272908086
17720430069
13978134523
13901832172
18605569367
13597769639
15570580324
18365073812
13816085548
18955006206
13651868208
18955911974
15060271065
17739742539
17717062492
18299619287
13477936535
13795943516
13997761230
13636676971
13865826996
13041665518
13955538763
15861490707
15305586469
18801680458
15856792792
13805655343
13818293200
13866677899
13917407865
13866528088
13999567030
18726835433
13355653799
13874163701
15997779798
18671899118
15279042511
18672035327
13818689486
13855836356
18371865803
15549180363
18327444478
15099567985
13866923616
15972456710
13880030701
15299099987
15375597659
15885320741
13965637143
13593639693
15971804228
18872790452
13913299025
13866729229
13659928792
13965830707
13966381050
15502781605
15201807260
15099332526
13817539556
17756856730
13818890964
18639973401
13955083184
13655335157
15056023879
15291251346
13588777520
13695597764
13524868019
13856229702
13986852528
13801722250
15972479045
13117134234
15555508325
13965520466
13916484809
15587421269
13044846459
13403024719
13607242832
18055272717
13997761225
15755602215
15172810129
18325207410
18827352633
13918936633
18872819581
15071858611
13866925856
13855036119
13999856260
13723167806
18133108871
18955598864
15821120272
13477883111
13955091772
18871805556
18955989989
13997755230
15850423343
15549188968
13517185163
18872809966
17317803221
15272243208
13956328577
13597769604
15105501081
13999873325
17722855249
15377220163
15665587079
13661788092
13866925092
13509225318
13971816129
13917777443
15272221693
13997753950
13477918818
13916767056
18071929887
18098373009
13365559822
15272232876
18226928537
13685501238
15892068292
13217180111
15212079016
15347138955
15105504233
13918055201
13761096512
15549150134
13093311982
13565913668
18571230337
13451022798
13691194138
13731822366
15990164040
18674335332
13581225211
18985278833
18986845878
15155036928
13696759453
13170057729
15971756525
18855027550
18602797651
15385599877
15997766615
13997795056
13872728047
15001798533
15000608569
18998408603
13999871230
13817073967
15212077692
18156271820
13403007567
18302116618
15335845193
18955609189
13955892822
13818309331
13085199381
15335806139
18860320301
13402790222
15821656083
15855861580
15850151822
15125350803
13617419307
15027228489
15899155870
13469722662
13403049575
15856497409
13469722668
13402739780
18955569187
13159325912
18955299226
18916701221
13855510352
13675163467
13514909300
13696785883
15155058966
18986845886
13403040186
13866520327
18731449487
13764941268
15571871497
13310548811
13764089202
18671695763
18660175596
13818934629
15296281664
13971873983
13505633516
15587566346
15855057741
13997767018
15316676525
13360904389
13739221471
13916112374
15971681032
15215555116
13856509067
13965393915
13477880528
15391338486
15736882401
18040773736
15071896002
15570566225
13855069545
13855039435
13651751614
15071868657
13135856066
18755501722
18771203439
15872022497
13855587518
15570564010
13297105868
13402735538
18607262369
13764540851
18098301182
13886799881
18755061806
13999897651
13907262978
13944107296
18082879535
13918909058
13477915596
13564234575
13581226408
13403069659
13918968510
13696731098
18503872410
13581215033
13940955735
15099093639
18809318868
13162825023
15587606519
18318031287
18964893523
15255856816
13956285583
15802181066
13761958021
15587418701
15587632522
13865598887
13865758388
13659909369
13965525734
13147268674
13934640710
15587618166
13515552234
18655836352
18955939895
13310548856
13655666637
17701754937
18878933251
15715551621
18321129575
13477909866
18846092335
13756264430
18627129821
15272241822
18310710595
18655821980
13275829869
15800632527
18049902281
17733733066
18355513690
13956126505
18055088055
15972477873
18917183948
13899831657
13501779814
13939082415
18705507136
18158930508
13816641902
15655338818
13912407896
13597535495
13899975072
18226839400
18551089693
15255076166
15335816741
13955561079
13658610060
15212100668
13855184955
13956302335
13098359417
15502789796
15021888775
13855035910
13639939577
15571866351
15997797982
13635587994
15900820125
15906848668
15955063030
13661667378
15855053638
13477913417
15926106273
15971702518
13909607442
15697268247
15265835499
13865829718
15971779229
18086614580
15618427128
13403041211
13597811766
15898725295
15981758981
13629929358
15109917168
15955068107
13699976997
18602794991
14782599048
13201307818
13917609822
15902140967
18255021558
15171086421
15899634529
18355044268
13516408855
15587613787
15171048040
13326448189
18871829304
13403003385
15930020321
13905590313
18019469287
13855555758
13155072342
15062247847
18055027677
18949898842
18951800845
15199058957
13999173476
15272925327
13277180034
15800593576
15997728078
13997796689
18636479552
15570506165
15138369369
15026098002
13917247749
13625586929
13647188146
13367186429
15549146266
13955663528
18221003575
15099066641
15173151081
18727711258
13816047649
15900702902
18755531266
13816583708
18871804164
15999195679
18175360926
15158157458
15171022133
13546380672
15997711989
18905591600
18699175410
18371824322
13997760988
13816158849
15239959000
15800976484
18715508628
13125326512
18110970329
13451015980
13399968980
15125254678
18574358089
18655609641
18695012481
13164506883
15997780307
13317261018
15178148420
15255048846
13980839059
15027217589
18757560616
13818098129
13787658659
15172907760
18771204567
13855075991
17770258399
15272900645
13997789589
18255210791
13477228310
15570505866
13817801625
15156131895
13986854158
15019393039
13524462909
13681817545
13469749907
15826692585
18930451550
13901904586
18871813295
13817228999
13630993564
18009919140
15880182685
13997780931
13955087725
13594861809
15571863777
15971713348
18701930596
18807268822
13285584052
13262817161
15333929528
13966806595
13761298407
13918213586
15172952094
13477944481
13451038774
15272905406
15342827266
15801819789
13615593590
15221291880
13866165940
13856418556
13669994879
18971872891
15171075972
17749785532
13918865671
13201389382
18307186055
15357971027
15172881182
13636497825
18382000391
13477890668
15005551868
13855518931
13277539989
18016869912
18655820132
15171059346
18372510286
13636292195
15997725396
18708164605
13469748874
18672056070
13425685469
13979311665
15921313812
13860629282
15587403006
15302841979
18071933352
13585824126
18935999653
15357699979
18609658509
13310540028
13764978208
15855049691
13840633137
18355515870
13966807730
13997753118
13872727328
15549221319
15055013595
13761410781
13816550839
18956666301
13635759398
18372529968
13818701851
13257262236
15021328671
18905466105
15555191807
15636511399
18356387887
15955072352
18055736086
15155806052
13477244393
15272988234
13117139946
18676985426
13916916556
13818485685
13277186332
15971701868
18755618320
18916016116
13451017287
15821113693
13997775785
13402704896
13965627766
18712095196
13955019723
13605510472
18205596277
18199105657
13855040002
13403083893
15997743072
15255058966
13870886567
18071346311
15516130308
18205585832
18372504657
13379799518
13889021235
15986818645
15727268612
13402707998
13639926636
15971695015
13379799517
17718398616
13402788699
13955089924
13855376202
15155290605
13999230058
13038313394
13579832697
15720703918
13651611651
18626102616
13083239638
13275555183
13564436115
13894898234
14790114503
13517171164
18712095172
18727695345
18019803010
18872789846
13971822140
13878706658
13415305294
13965426173
15821937618
15555168627
17320583763
17876703860
13515501566
13671636906
18972439837
18221628821
13607522252
13618645712
13855922295
13547389626
15821009928
13997777876
13505619982
18055218998
13217181728
13659925528
13685566168
13329202556
13615505801
15587539726
18790358667
13012569586
13319826969
13761546516
13297102201
13956718171
13886774544
15751250452
15926137038
18007262927
18918263067
18936840607
18009605770
13611871069
13310558239
13997775749
13999830220
15955075617
13585577152
15975145276
14795754475
13597774642
13516442496
18075052078
18671890297
15156572688
18964640203
15930108083
18727838983
15172960612
18671169497
15671528273
13343559206
18101654809
13262829088
13856536550
15056550878
13956327917
15555214876
13636304938
17601282067
13350636935
15997750777
13825148582
13593603396
13979008805
13867962403
17763029815
13611620453
18030798898
18365032027
15172986816
13248068790
15022969989
13918200940
15299188767
15251830866
13339940592
15171998991
15901993828
15221686316
13477257024
13379799567
15071861107
13593615836
15971781946
15549253677
18019838090
13999866318
15766393495
15705590803
15869836536
17764403004
15056101907
13699399102
13917268515
13899862216
15921456235
15587513546
13899886892
15215658722
18298215169
13986841510
13470704202
18918107310
13621643458
18355997171
18918570086
18315555102
13793848286
15347019898
13524544096
13817222643
13916922673
15027232872
18608138487
13593635308
15826689163
13451030103
15218402982
13866193467
18154027202
15587578747
15171998138
13971871485
13637036090
15571801598
13635598198
15502774593
13524007750
13382102008
13619923798
18589800203
15056581883
15071898330
18953327526
13530428090
17771668320
15855048116
13965637246
18930257512
13408537922
18916115835
15050201465
18307186009
18627731919
13379790066
13083450702
13403006533
13568861550
15109911178
13818654666
13517150411
13972407755
15347151120
18321366460
18999130916
13918781305
13818002462
13122918163
18577859954
18895607313
18917191346
15056698640
15623215757
18712217979
13965444030
13635764019
15921734119
13402760918
13685500718
18190102501
15377220052
13966251588
13597760520
15172807116
13477955859
18262749390
13855023515
18271719165
18271727382
13997763239
13235444956
17771658221
13817374949
13451035463
15715505508
15027184844
18761666074
13886786495
13454652096
15099335505
18917990321
13795273823
18733103030
18571234710
15971708436
15516631037
15955521859
13866936369
13818381898
13972436333
15955013951
17751126394
18767776187
18949857237
15221096330
18655022887
13955762822
13865687883
13079979585
18226835232
13451030958
13992097692
13636603559
15855076595
18756510566
15272924608
15921758912
18214599308
18611480530
14790905292
15071859472
15272906806
15221213748
18055502907
18616101402
15160938732
13030592118
15347029925
13035855871
13335930986
15551812321
15555883636
18601631941
18973289978
17721309625
15212721410
13918125058
18972418822
13644005618
18805686622
13635566253
18325551669
13671971321
13997780637
13668282468
18655183289
18986866339
13761515355
13955592799
15357711559
18930238389
15276576500
18632069112
18721715311
13850250037
15138505221
13965515358
13636351185
15988986330
13918431279
13391165596
13817755729
18019839697
13986864645
18372501656
13470863779
13597764823
17705699359
15171070134
13636444396
15071835201
15055266996
13801956131
17740046669
13636564401
15826201575
13109950006
13641779788
15026571052
15255073792
18872141703
13866981969
15155017392
15626412234
13403018228
13973390955
18325518195
13695565780
15855584446
13671514919
18221749207
15027225365
13855992946
13485552009
18712690902
13470707657
13997761398
15549117780
15658268388
15971767840
15272237568
15171959393
13568315267
18360675211
18856877308
13997770725
13859213819
18755533218
15971798418
13699980275
18727714589
13872460767
18256954918
15699180585
15955063974
18156708956
15022961799
13651948500
13886761344
13971889646
13870968415
15826664477
13615324132
13156597397
13517167282
15826676088
13971882792
18671886532
18721076607
13917228117
18371834669
15235184898
13937105241
13310536159
13865125682
15821775183
18155501349
17771665150
15805507612
15926141946
15178436315
15805507611
18956329505
13515500288
18226146550
15172950805
18699169586
18930250899
13701832927
15272926576
15971767865
18998661000
18658275205
15026015086
15171999696
13855078608
13855078605
13669922635
15972439123
13305550771
15385043555
15939363915
15102146832
17755562395
15202184098
13999226330
13920919640
13579827732
13761594343
13965531958
15272243083
13781365244
13809919981
13801615658
18501779405
18995922526
15347005230
15172926081
13918803149
13329066007
13916020684
13500536617
15877233720
15972453261
13377961822
18896568031
18726649923
13615656829
18873357134
13470707613
13403045106
18905657005
13817842908
17717453209
13908042234
13201209632
13817780316
13581228160
13197403407
18064940909
15099582871
13637153440
13965764260
18272309929
13955548135
13469757768
18365276757
13918618001
18372535578
18972851055
13999221508
13855077539
13329823365
15221175223
15216704816
18256238220
13013023963
13909606055
18972416886
18501735376
15571785593
15955010876
18671842010
13109938115
15587547046
15899162287
18872136096
13049864608
15202100279
18845571183
18055516765
15172963955
13918072255
18272290769
15921196809
15618398887
13452105355
15272913158
13986863591
13659918028
15551009772
15956271386
18918928887
15026006816
18709949523
13701689563
15972423720
18919620097
18871820628
13832843271
15178422339
15902116858
18376771009
13916760711
13614058208
18155616816
15255512212
13816464097
18895886021
15826665292
13986863595
18727706422
13971883356
18671814911
13866995199
13329822211
13557242196
18956681184
18255520902
15956490021
13886783598
15981821215
18256599358
15001612063
18805660655
13816859605
15618686499
15979194593
13855555656
13597812323
18616915471
13477237210
13319868855
15172954318
13505578707
13855095812
13966385907
15299091906
18955918280
18155109382
13768589858
13517175250
15172735116
13671806092
18739991520
13485591929
17301704717
13524241405
15627368895
18972851099
15171086547
13878802614
18019882002
18955536035
15276636277
15902829692
13764640138
18955536030
13501899196
15199109394
13220575108
13705433218
13983846793
13955560502
13855901033
13872715186
13637031860
15555955133
18855517987
13477959348
13470702834
13148302108
13565819208
18758494832
18373322239
13517132970
13524239293
18222836364
18726666066
13071070113
18801626290
18872804050
13955082553
18071920515
13402708207
13197222718
13197209678
17721346693
13761593210
15223046433
15212070105
13593621799
15027238054
15171061328
13107332788
18077165360
18019835510
13711719031
13584066784
13764157983
13865243028
18671803398
18726908119
18972416196
15955473143
13955089696
18611435162
13999965694
18755529673
13866423499
15318600235
13956329109
15955567795
13477269798
15504011655
14709984290
13469759108
13335552506
18955536085
18019287995
18086211756
18010985822
13482822881
13042156056
13565887184
15342889729
18010985820
18010985821
15955201597
15305655468
18516074748
13956617453
13718140716
13403042281
13403048092
18328427836
15627867238
15826660928
18705506463
18949643213
13514908889
13918551430
18918030787
15055637977
13909649852
13855917811
18939926961
13639938871
18155093892
15156515666
13955586180
13593629590
18778792979
13565909856
18755500586
15021167560
17713809186
13635755086
13482089039
13519907065
15707256938
18755674007
13918871635
18997969390
13701797478
13659951365
18097790201
18112012903
13916774576
13085270661
13565988006
13217181079
15771086261
15905506631
18139664441
15071854679
13403041646
13122369789
15255599455
18275067301
18655159053
18695004085
18121093657
18972416906
15549220740
13621720553
13855046401
13585931261
15055015220
13886767174
13403042263
18855935592
15155062893
13083306918
15099669687
15172800039
13856014491
13739214208
13661565009
18086211723
13918330233
15997717190
15272905004
15807788918
18605677098
15071862955
18872785004
15171079188
13544631141
13955558883
15026586057
15151528746
17771659488
15026892871
13865660660
15570510913
18763291588
13999116022
13965646949
15023998099
15555518579
15755587946
13430811621
13477286980
13611966240
18895562219
15587553128
13329055383
13636298621
15213486257
13122597561
13816285262
18616804948
18439536035
17786131272
18129305135
13625568990
13824831237
18872141698
13997752613
15705116595
15618396671
15027185407
18917684081
18290859515
15856672144
18155503485
18071344534
17702384811
18694034406
15202100368
13916225022
13886773928
13517143039
18085668635
13585047112
15272936746
13761598605
13905509768
13402714977
13153174562
13529005453
13916676742
13764329693
15671516989
13597009875
18355806532
13926822932
15172903599
15249993671
13621819218
18956593636
18672060956
13805596291
15316897572
13855194425
13866942137
18321267093
17771657316
18956527632
13979017678
18160229550
18963777013
18055561972
15894723523
18255055646
15856506860
15259613787
13247222268
15335856565
15335856566
13681791671
18604970055
15800604190
15855692298
18010985817
18010985818
15212307611
13738176839
13310554383
15071860763
13817209362
18792180483
13469738906
13965372209
13816343952
13669931106
13403045161
15171981323
15327006295
15971781225
13581212388
15317272153
18672061016
15855055959
18971812312
15157451061
15922480975
15639095326
13955091567
15172944850
15056121567
15855004458
13098472190
15172812941
13621754003
17785252589
13564549849
15299105675
15710105986
13671507166
15272964086
13085197983
15327006285
15215593085
17603930952
13972415135
18727690788
13510431394
15375502168
13676600248
13403007530
13997791892
18727722119
13635761929
13685507305
18221920805
15972422986
15855630833
18871818035
13482016524
18758276347
13666320985
15629246205
17705634479
18205503600
15855004446
15385595330
18096570606
13247224311
17701735805
13355552135
15214384638
15272986046
18001891105
15921578608
15272986045
15255079166
15305591944
13505672951
13651002809
18371828022
13217280655
18016821940
18955999838
13997776699
13901626349
18516227080
13403045139
13865819291
15071885588
15755037336
15155940390
15212067425
13565862709
13564610583
13809952117
13816911267
18930698867
15549172009
18627115891
15387275963
13865835989
18963071027
13635764718
13661595525
13764993225
18298233672
18601774391
15955072626
13956616278
13918804663
13355556257
13652842574
15855500659
18136739120
15971781260
18225739557
15038117087
13899969224
13669952829
15026087017
15981111027
13514909989
15571783577
13403042257
13026086356
15345552115
18299146316
13916132017
18972400035
18321871896
15171070072
15335813516
13865434788
13817234006
13965560810
18017366720
18916933812
15157365320
13816145151
13402761288
18896533245
15027200194
13855053237
18976449118
15171097403
15956189920
13585590260
18998806805
18121377591
15171937210
18129012609
13363358406
15997725688
18955535822
17782350227
18355929954
18018567621
13519331611
18901908298
13593635415
13856452894
13872721455
15272986852
18633070825
13965820509
13469753153
13469738910
15570536090
18955535839
18955520148
13093507277
15255079136
13162632085
13365555822
15255077021
13956765670
13166370008
17730026710
15299188886
13917918314
15171070018
13062888279
18755079551
13565355734
18016070303
13225887869
13872706608
18816292380
13075735850
13279027573
18930213339
18756559277
13762328846
17720423669
15212397391
13756174828
13997750528
18556503626
18684856088
13965393353
15956558798
13543231893
15855052322
15272232809
17755521204
18172525719
18963819620
13661574759
15327006313
15327006315
18817581320
18382104406
13805651055
18226836175
15381438862
15027225246
13517166940
18917307003
13996101808
13817289996
13818286892
13996162813
15905621568
15618369291
13385239848
18098308365
15327006325
18371807105
15926121226
18980783622
15327006323
15586656900
15755481432
15327006320
15549202005
13451037410
13601942220
13093507051
15971693115
13872705175
13611881141
13003028070
13477283680
18225506132
13966549259
13637012166
18136263383
13986867813
13878485855
15587546868
13518177252
13798896524
18917571812
18955532377
15327006331
18918219878
13817118821
15900915480
13801917779
18771203218
18271718427
13013129325
15502752435
15205888885
18930991019
13153255330
15056514146
13886788587
13062780009
18871834358
18862398859
15027193507
18964880501
15971821530
13505551281
13469749766
13955086405
15105588937
13403049351
13505316068
13253708159
18300889014
13135847389
18019222975
13697631088
13786153833
15526853126
15972458313
18628161903
18269791859
15267396233
13855995320
18580520053
18721415512
18755078077
18010988271
18075257554
18098362292
13477913250
13637012188
18792136446
13177115197
15570582733
13840488533
15856790485
13997780789
13997770640
13035093809
15330881989
15707250551
15155521707
13403007320
18694027055
18901880155
15255066908
13383830532
18727704478
18916529820
13339944152
15178461678
13855069769
15921023723
13999911625
15002161757
18578605645
18917363678
18930721305
13707677781
13805597498
15665675551
17866634192
18321158909
15850340203
13477934005
18238877766
18314766354
13917397076
18655500367
15356190090
13917313755
13264926116
13581200596
15956556755
15027205465
15971741402
13651806637
13040578572
15305651801
18704499111
15202108363
15971834129
13986866323
13071959663
15587527948
18871990458
13310555588
18872137255
13297481872
13696799711
13305658166
18603084850
15587518326
13611948739
15305553358
15587422978
18655810725
13636297611
13093241465
15855039220
13402755611
13645696968
15034624506
18996191909
15050275303
15021052022
18996191908
15276760093
13013101062
15335836511
18996191910
13856552708
18019288645
13402763569
18712648986
18917288353
18055580052
15971713590
13899620261
13637281107
15156610675
13855510539
13635772520
13013030655
18290801623
13971896298
18007262166
18699088768
18098323050
18298231349
13955570133
13918112981
18225901701
15961881101
18336399277
15921812163
18671570063
13999906436
13808979896
13818798651
13325571836
15251772629
18727743539
18342830540
18977189037
13635750189
13585915110
15870576323
13122311001
13635750975
13681741724
15855576532
18105905089
13688006993
18521358967
13955955900
13375711865
18651110881
13003285788
18871832067
18916796693
13469754309
18267806619
13901745283
13965648928
15335843390
15739512468
15272953394
15905504290
18727711828
15083210678
13972406322
13949730123
13669916957
15556804761
13477272252
18671832416
13524706185
18098323027
18694006656
18926932309
15735153526
15071893608
13477934051
13145676263
13615583425
15707253760
18365276880
15172931328
15921431590
13717792163
18325304821
13485730228
15172918189
18607268791
15973532012
13685539269
18302131990
15056565041
15335838688
18007262182
15900131920
13403004638
18255281319
15120357667
13403015678
18862308387
13609936208
13477924746
15256408772
17707185350
13585721969
13818742586
13611628140
15755033110
18655022211
13764388891
13816516365
13907268201
13579424810
13615598838
18056426685
18357715481
15699139953
15715587862
15105502055
18672060788
18671857601
15587418073
13956716806
15292887306
13955586942
13795488936
13641623168
13997779209
13637031091
15678884714
18671144789
13402742571
18348083218
15021709566
13999878922
13402763530
13332538197
13608028386
18788830289
13697184903
13886756895
18086211713
13997758865
13477953828
15272918168
18963914818
15172918135
15855052347
18055120728
13917027355
15629239619
15001800900
15327013098
13764495600
18122652932
18756784668
15156823977
15655009697
18010989331
15327013096
18086211945
15272924490
15327013092
18616879740
15255995621
18116254618
15272226495
13403081343
13841710033
13377964548
15172915959
13179005599
13918052529
18916482882
15299096658
15156001691
13329298857
13940249008
13636283565
15826683931
15905580974
13817501125
15955002055
15267339772
13955996299
13379775082
18930423705
15272985868
13379775089
18655570298
18971889388
13501846663
13402751131
15926138494
13403024206
18851567128
15171086845
18755072155
15171086715
13999905791
13997768310
18162981609
18671694910
13579992162
13872708469
13795365577
13223889927
15105502911
13818940676
15055013335
13636280392
13470728789
15160803922
15172853731
13477931128
15966603996
18618146586
18301763584
13635771908
18726666096
13477935848
13818856737
13197229996
18779194062
15970627848
15171094302
13965370600
18365028052
18221589669
18601606830
15123345321
15904405181
18871999891
13579239687
13872708471
15172962388
18955072007
15981773918
15299111169
13955075570
18745017746
13999422795
15335848800
13899870247
13477904508
13625672935
13402702750
15955093499
13472403626
15624599196
15055013303
13986851351
18671892961
13999900334
13858915336
15855503601
13917768508
18621880017
15249994067
13597797892
13217180056
13965254920
13202615699
15821025909
18971876180
13402749539
18919682051
13403042176
17740876483
13515501351
13597787313
13966613289
15856882551
15921211723
15981749853
15221386809
13661482056
15955077553
15979482512
15377607373
18956997669
15171032972
15755886770
15955449619
18372528181
13865201855
13477904561
15955093430
15155007082
13235451058
13597799086
13635750098
15212135151
18671571559
13817235838
17195870365
13451030742
13277534605
18512105742
18569093588
13197215315
15955060521
15327005299
15549235773
13855236782
13522612010
18872784604
13965378192
13362027152
18672062259
13403042193
13855066365
18271726024
13955668492
18599161106
13608197185
15056959807
18530998898
18801932330
13964646487
15276727265
13761419967
15055988846
18972441601
15272211585
15155078871
13866220806
18266950122
13886752118
13671688324
15571865485
18016288313
15056546108
13768412599
15972422812
15805506916
18371843123
13301790695
15549198061
15000637046
13481026449
18301847933
18501671495
18298234756
15387279915
18016800784
13916778172
13661784910
15908530938
18297306973
15099619150
13916172001
15601847700
15172853757
15618950968
18727711868
13013005662
15856682579
15605681428
18957026228
18117022786
15256221318
13817226138
15272910518
13776330881
18205502600
18972416006
15956561407
15171961168
15172964609
15292887376
13569665965
13500536531
15327044368
15172836165
13402731605
13905506019
15821577113
15172945323
15571789975
13469749699
15826980070
13817637525
13918696460
13044868391
15629212133
15805502829
15272262723
18325593772
18949712986
13916177062
13665610194
15299105579
13971827756
13174623228
18077682098
13687190760
18986856371
13355685609
13872711488
18955501519
15276687161
15997783537
18355061218
18918831357
13505584443
15555058820
13641820557
13707815508
15956098909
18655561211
18726649089
15299102936
13705509603
18930935007
15683319116
13855914342
15855076367
18664886192
18871835580
15276617808
18001816506
13916958351
13095006052
18236075752
15990161691
15803519929
18999938320
15807812949
13085562055
18669772317
13209994061
18225508315
18986847951
13855069858
13956299998
15055950248
13485872225
13321960668
13510160516
13699951170
18363737667
18255491801
15027227433
13339942055
15000090293
15347045699
15815582619
13411449546
15570582701
15298170972
13997791778
15205500993
13955993320
18255998286
15205500992
13403038876
18672056703
13855514015
13671748738
17756727959
18607262168
13517179645
15711069311
15821007257
15062634573
18204314866
18355895872
18260994899
13872701299
13855514972
13955083255
15327006359
13377969391
18807263377
15586640199
18370098954
18616858759
13512164204
18755935601
13918854406
15071838659
13913035998
13999177203
15587681528
15160955623
13667131795
15955060599
15971819672
15856517909
15570504479
13402750039
13647185856
18156572081
15327006343
15755038386
15171045767
13477896818
18371865149
13597815527
15171051249
13699399317
13607242925
18512119595
13955064926
13403042120
13965976939
13999206025
13917503211
13469756441
18340806057
13965976006
15971819684
18340806054
15171932293
18604307126
15171946840
18265238758
13317267819
15199481196
18674339961
13865609862
15172997916
17762906166
13597750885
15971756706
13956313138
13477209366
13127727725
13917894529
13331887350
18699446966
15256882569
15299103295
18695012714
13917643172
13669952723
13866936167
15327006362
15212087019
18371818658
18516228752
18655110982
15327006368
15276829682
18656590777
18707248662
15212077053
18602797016
13705591757
13564896625
13965617190
